0.577433

0.561594
0.569997
0.552969
0.565859
0.55961
0.574736
0.574549
0.579282
0.577765
0.568317
0.57833
0.585231
0.575082
0.579907
0.58559
0.550379
0.568403
0.580638
0.561669
0.576378
0.569561
0.563635
0.568339
0.568179
0.575635
0.567128
0.576783
0.579434
0.580754
0.57255
0.584302
0.580833
0.567979
0.592313
0.56541
0.565049
0.582802
0.555709
0.592856
0.557414
0.577555
0.594505
0.569677
0.579173
0.582575
0.570642
0.566955
0.580198
0.562495
0.581757
0.581202
0.569472
0.570554
0.581341
0.582647
0.5618
0.585249
0.595053
0.601513
0.599673
0.571784
0.572929
0.579396
0.57713
0.595459
0.573072
0.578411
0.572968
0.559974
0.580388
0.578724
0.569913
0.572728
0.592925
0.574325
0.593755
0.588062
0.584353
0.58932
0.575278
0.581134
0.553256
0.568855
0.594455
0.567699
0.579768
0.584315
0.570202
0.573647
0.56952
0.575032
0.598682
0.595348
0.571213
0.571633
0.584589
0.576992
0.584402
0.572635
0.593105
