26758.8

26476.7
26570.5
26714.6
25970.2
27953.4
26419.7
26930
26991.1
26305.8
27629.3
27373.5
26740.9
26582.3
26623.4
27017.6
26080.9
27291.4
26058.4
26998.6
27018.5
26500.6
26502.4
27642
27509.4
27095.6
27319.7
27156.2
26482.5
27431.7
26337.3
26042.9
27300.9
26453.6
26933.3
26665.2
27831.8
26787.4
26715.4
26524.6
27248.7
26795.8
26466.5
27204.1
26450.8
26695.5
25814.8
27242.4
27007.8
27315.7
27749.8
26923.4
26507
26804.4
27380.3
27098
27226.9
26950.5
28022.8
26537.3
26577.2
27131.9
26112.5
26892.7
26502.4
27061.4
26660.9
26897
26494.4
26416.6
25797.9
27559
26352
27090.2
26225.3
26536.4
27497.8
27046.3
27098.6
27406.7
27707.5
26820
25587.5
25828.8
27064.5
26533.8
27631.6
27241.3
27093.6
28187.5
26214.6
26565.1
26110.9
26199
27537.7
27357.5
26856.4
26303.6
26142.5
27569.2
26844
