26758.8

26166.3
26375.3
27303.9
27297.8
27757.6
26156
26611
26524
27481.2
27530.1
26898.3
27039.1
27816.9
27534.7
26096.8
25190.8
25677.3
25981.7
26226.2
26681.5
27570.7
26701.3
26483.4
25331.5
27432.9
26094.2
26886.4
27081.9
26609.2
26250.5
26403.6
26595
27225.9
26784.8
26027.9
26692.1
27356.4
25682.3
26302.7
26954.2
27357.7
26074.9
26338.8
26958.5
25974.2
26272.6
27464.4
27251.3
25809.8
28143.6
26028.9
27271.6
26915.5
27176.3
25449.4
26357.1
26966
27173.8
26982.3
27150.7
24701.6
25898.6
26691.5
26254.3
26416.7
26351.3
26479.2
26117.3
26892.3
26593.1
26976.4
27421
26554.8
26743.5
26275
26871.9
26242.8
27170.5
25899.9
26859.8
26028.3
27133.9
26105.6
25391.8
26947
26397.5
26924.3
26909.4
25992.1
26705.5
26415.4
26532.6
27200
25969
26164.3
27140.1
27141.3
27256.3
26332.4
27016.6
