3.36062e-11

3.36062e-11

3.35362e-11
3.36851e-11
3.36475e-11
3.34944e-11
3.35882e-11
3.3703e-11
3.36201e-11
3.35972e-11
3.38871e-11
3.35657e-11
3.35597e-11
3.35668e-11
3.36998e-11
3.35016e-11
3.34291e-11
3.35489e-11
3.36124e-11
3.34323e-11
3.36154e-11
3.36503e-11
3.36783e-11
3.35125e-11
3.3493e-11
3.36758e-11
3.36247e-11
3.35188e-11
3.36653e-11
3.36473e-11
3.37085e-11
3.35552e-11
3.35608e-11
3.35068e-11
3.37497e-11
3.36801e-11
3.35561e-11
3.34497e-11
3.36004e-11
3.36463e-11
3.36468e-11
3.34645e-11
3.35517e-11
3.35785e-11
3.35504e-11
3.35557e-11
3.35627e-11
3.34384e-11
3.36101e-11
3.35076e-11
3.36251e-11
3.35831e-11
3.36958e-11
3.35468e-11
3.35372e-11
3.36895e-11
3.37791e-11
3.36832e-11
3.34105e-11
3.37412e-11
3.36092e-11
3.35301e-11
3.3583e-11
3.3613e-11
3.36884e-11
3.36168e-11
3.37071e-11
3.35173e-11
3.3501e-11
3.34363e-11
3.34267e-11
3.35293e-11
3.36696e-11
3.34761e-11
3.36157e-11
3.3564e-11
3.35176e-11
3.36376e-11
3.36839e-11
3.36241e-11
3.37624e-11
3.36217e-11
3.36001e-11
3.37214e-11
3.36891e-11
3.34896e-11
3.35947e-11
3.35897e-11
3.35767e-11
3.38003e-11
3.34907e-11
3.3632e-11
3.37428e-11
3.34786e-11
3.35259e-11
3.33918e-11
3.36206e-11
3.36074e-11
3.36259e-11
3.35144e-11
3.35256e-11
3.36174e-11
