2.73971e+07

2.69051e+07
2.73884e+07
2.72753e+07
2.74276e+07
2.73395e+07
2.78354e+07
2.70653e+07
2.77334e+07
2.70693e+07
2.6656e+07
2.7835e+07
2.6936e+07
2.77501e+07
2.69343e+07
2.82534e+07
2.79586e+07
2.79524e+07
2.84522e+07
2.7164e+07
2.83723e+07
2.75486e+07
2.78153e+07
2.79011e+07
2.81404e+07
2.6949e+07
2.78991e+07
2.73835e+07
2.75848e+07
2.7915e+07
2.72164e+07
2.62347e+07
2.81342e+07
2.68986e+07
2.74353e+07
2.74171e+07
2.80708e+07
2.76085e+07
2.77527e+07
2.78369e+07
2.69939e+07
2.74313e+07
2.7206e+07
2.80592e+07
2.70309e+07
2.79327e+07
2.73383e+07
2.70917e+07
2.8496e+07
2.58122e+07
2.81716e+07
2.65369e+07
2.79137e+07
2.60531e+07
2.64133e+07
2.67377e+07
2.71562e+07
2.71319e+07
2.76896e+07
2.74312e+07
2.70687e+07
2.63617e+07
2.78243e+07
2.70694e+07
2.67379e+07
2.73122e+07
2.76675e+07
2.70111e+07
2.70224e+07
2.64897e+07
2.65784e+07
2.76452e+07
2.6897e+07
2.72932e+07
2.72223e+07
2.81055e+07
2.7126e+07
2.65877e+07
2.6622e+07
2.67315e+07
2.60535e+07
2.71579e+07
2.7314e+07
2.63345e+07
2.71597e+07
2.69948e+07
2.6995e+07
2.75713e+07
2.77215e+07
2.70734e+07
2.73774e+07
2.74653e+07
2.75317e+07
2.75502e+07
2.72508e+07
2.79429e+07
2.83197e+07
2.66314e+07
2.69161e+07
2.74506e+07
2.67951e+07
