6.84927e+06

6.82289e+06
6.87926e+06
6.77128e+06
6.92645e+06
6.89222e+06
6.95909e+06
6.76466e+06
6.8616e+06
6.70814e+06
6.85059e+06
6.98119e+06
6.87212e+06
6.92149e+06
6.91555e+06
6.82383e+06
6.82417e+06
6.93911e+06
6.85351e+06
6.74401e+06
6.84451e+06
6.89642e+06
7.09813e+06
6.7473e+06
6.95799e+06
6.76111e+06
7.17605e+06
6.85693e+06
6.90926e+06
6.96601e+06
6.95595e+06
6.80463e+06
6.95479e+06
6.87089e+06
6.70644e+06
6.90422e+06
6.80198e+06
6.75035e+06
6.87305e+06
6.886e+06
6.91701e+06
6.96132e+06
6.89159e+06
6.76438e+06
6.78042e+06
6.90172e+06
6.80237e+06
6.7719e+06
6.88241e+06
6.86018e+06
6.66277e+06
6.76635e+06
6.99364e+06
6.89953e+06
6.98229e+06
6.94801e+06
7.11434e+06
6.84997e+06
6.82383e+06
6.91388e+06
6.93339e+06
6.97214e+06
6.86914e+06
6.85858e+06
6.85207e+06
6.91803e+06
6.86921e+06
6.77955e+06
6.82358e+06
6.88608e+06
6.93899e+06
6.80008e+06
6.79771e+06
6.93513e+06
6.8689e+06
6.8317e+06
6.79559e+06
6.85804e+06
6.81665e+06
6.94642e+06
6.8217e+06
6.96777e+06
6.90543e+06
6.88095e+06
6.83207e+06
6.72953e+06
6.78655e+06
6.84466e+06
6.89238e+06
6.71641e+06
6.91506e+06
6.80728e+06
6.72658e+06
6.74758e+06
6.83312e+06
6.97082e+06
6.82122e+06
6.78847e+06
6.75198e+06
7.01398e+06
6.97928e+06
