2.73971e+07

2.80418e+07
2.72651e+07
2.76513e+07
2.79279e+07
2.73714e+07
2.75469e+07
2.65821e+07
2.73737e+07
2.75645e+07
2.82455e+07
2.72059e+07
2.80964e+07
2.79348e+07
2.60056e+07
2.66957e+07
2.7209e+07
2.80521e+07
2.66135e+07
2.58857e+07
2.79371e+07
2.67958e+07
2.7231e+07
2.71816e+07
2.86294e+07
2.81995e+07
2.62482e+07
2.61496e+07
2.76863e+07
2.73756e+07
2.83442e+07
2.67149e+07
2.75732e+07
2.75605e+07
2.74248e+07
2.74388e+07
2.68161e+07
2.81172e+07
2.77697e+07
2.75286e+07
2.79285e+07
2.74251e+07
2.76187e+07
2.69637e+07
2.74018e+07
2.70746e+07
2.6961e+07
2.58793e+07
2.72701e+07
2.63969e+07
2.68097e+07
2.69465e+07
2.79536e+07
2.72789e+07
2.75189e+07
2.7778e+07
2.70484e+07
2.88922e+07
2.76744e+07
2.71775e+07
2.67358e+07
2.78465e+07
2.77528e+07
2.64833e+07
2.71218e+07
2.68596e+07
2.81685e+07
2.77498e+07
2.74195e+07
2.71121e+07
2.73383e+07
2.7186e+07
2.71704e+07
2.69695e+07
2.73935e+07
2.758e+07
2.75222e+07
2.73079e+07
2.78713e+07
2.76435e+07
2.64357e+07
2.79114e+07
2.75449e+07
2.75777e+07
2.76232e+07
2.75387e+07
2.68673e+07
2.7314e+07
2.74363e+07
2.81103e+07
2.76578e+07
2.75414e+07
2.6234e+07
2.78757e+07
2.80384e+07
2.84308e+07
2.70429e+07
2.75304e+07
2.61217e+07
2.72178e+07
2.75885e+07
