5.47942e+07

5.48702e+07
5.48128e+07
5.48496e+07
5.47412e+07
5.47265e+07
5.46569e+07
5.47126e+07
5.47432e+07
5.47254e+07
5.47141e+07
5.49369e+07
5.47057e+07
5.48103e+07
5.48234e+07
5.47432e+07
5.45969e+07
5.46686e+07
5.49011e+07
5.4599e+07
5.48652e+07
5.4818e+07
5.47381e+07
5.48717e+07
5.45896e+07
5.465e+07
5.49723e+07
5.49086e+07
5.49059e+07
5.48807e+07
5.47135e+07
5.46629e+07
5.46855e+07
5.48706e+07
5.47952e+07
5.49298e+07
5.48176e+07
5.47697e+07
5.47183e+07
5.4651e+07
5.49725e+07
5.46583e+07
5.47792e+07
5.49178e+07
5.47809e+07
5.47294e+07
5.474e+07
5.46623e+07
5.4829e+07
5.48125e+07
5.4733e+07
5.48531e+07
5.49123e+07
5.4718e+07
5.47841e+07
5.49102e+07
5.48511e+07
5.49754e+07
5.48047e+07
5.47384e+07
5.48608e+07
5.48532e+07
5.47039e+07
5.49352e+07
5.48228e+07
5.49125e+07
5.4874e+07
5.4999e+07
5.45068e+07
5.46121e+07
5.49283e+07
5.47517e+07
5.48965e+07
5.4675e+07
5.45963e+07
5.47656e+07
5.49845e+07
5.47258e+07
5.48915e+07
5.47512e+07
5.48e+07
5.4807e+07
5.46448e+07
5.48973e+07
5.49051e+07
5.46042e+07
5.48208e+07
5.48598e+07
5.48332e+07
5.47817e+07
5.47762e+07
5.47677e+07
5.47922e+07
5.47574e+07
5.47948e+07
5.48037e+07
5.48303e+07
5.47798e+07
5.48456e+07
5.47234e+07
5.48819e+07
