2.19177e+08

2.2015e+08
2.20062e+08
2.17642e+08
2.19437e+08
2.19583e+08
2.18254e+08
2.19665e+08
2.19096e+08
2.1894e+08
2.18024e+08
2.19009e+08
2.18608e+08
2.17995e+08
2.19348e+08
2.18153e+08
2.18538e+08
2.18576e+08
2.19661e+08
2.18501e+08
2.18062e+08
2.19831e+08
2.18579e+08
2.19426e+08
2.1897e+08
2.18234e+08
2.19468e+08
2.19386e+08
2.19239e+08
2.18702e+08
2.20048e+08
2.18656e+08
2.19144e+08
2.19652e+08
2.18622e+08
2.19077e+08
2.19671e+08
2.19139e+08
2.19331e+08
2.19264e+08
2.19425e+08
2.19594e+08
2.19624e+08
2.19737e+08
2.19578e+08
2.18902e+08
2.18746e+08
2.20152e+08
2.18077e+08
2.19105e+08
2.1968e+08
2.18385e+08
2.18503e+08
2.19436e+08
2.19431e+08
2.19809e+08
2.19027e+08
2.18893e+08
2.19676e+08
2.1909e+08
2.18688e+08
2.19122e+08
2.19273e+08
2.19263e+08
2.19049e+08
2.19677e+08
2.17678e+08
2.18685e+08
2.18696e+08
2.18538e+08
2.18336e+08
2.18872e+08
2.19171e+08
2.18138e+08
2.19881e+08
2.20132e+08
2.192e+08
2.18383e+08
2.19761e+08
2.18744e+08
2.20006e+08
2.19496e+08
2.19092e+08
2.20002e+08
2.1983e+08
2.18631e+08
2.18776e+08
2.18896e+08
2.19574e+08
2.19364e+08
2.1858e+08
2.18668e+08
2.18478e+08
2.19937e+08
2.19031e+08
2.18949e+08
2.18164e+08
2.19727e+08
2.20449e+08
2.1989e+08
2.19122e+08
