1.73077e+33

1.71716e+33
1.73159e+33
1.73891e+33
1.73163e+33
1.73189e+33
1.73175e+33
1.73033e+33
1.73794e+33
1.73131e+33
1.73008e+33
1.73149e+33
1.71907e+33
1.74451e+33
1.73102e+33
1.71999e+33
1.73117e+33
1.73789e+33
1.71523e+33
1.73744e+33
1.74042e+33
1.72958e+33
1.72681e+33
1.7259e+33
1.72985e+33
1.74008e+33
1.74422e+33
1.72885e+33
1.72758e+33
1.73824e+33
1.72913e+33
1.72319e+33
1.7339e+33
1.75003e+33
1.74101e+33
1.72855e+33
1.73055e+33
1.72016e+33
1.7264e+33
1.73609e+33
1.7318e+33
1.71948e+33
1.73547e+33
1.75133e+33
1.72035e+33
1.72772e+33
1.73204e+33
1.71777e+33
1.73834e+33
1.73521e+33
1.72724e+33
1.73259e+33
1.71992e+33
1.71108e+33
1.73149e+33
1.74505e+33
1.73975e+33
1.72977e+33
1.725e+33
1.72883e+33
1.74554e+33
1.71873e+33
1.74046e+33
1.72938e+33
1.71832e+33
1.73344e+33
1.72661e+33
1.72979e+33
1.7289e+33
1.71555e+33
1.72725e+33
1.73021e+33
1.72909e+33
1.73503e+33
1.73787e+33
1.73466e+33
1.7281e+33
1.71365e+33
1.73315e+33
1.73357e+33
1.73648e+33
1.73866e+33
1.72759e+33
1.72815e+33
1.7289e+33
1.72256e+33
1.73631e+33
1.73409e+33
1.72919e+33
1.71955e+33
1.73177e+33
1.72897e+33
1.73845e+33
1.72776e+33
1.73885e+33
1.73356e+33
1.74085e+33
1.74022e+33
1.72877e+33
1.73663e+33
1.72566e+33
